A = [3 7 -4 2;-5 9 10 2;6 13 8 11;15 5 4 1];
C = repmat(20,4);
B = C-A
D = A*B